6.5101 -56.4583 1.05654
6.51272 -56.4513 1.04425
6.51493 -56.4436 1.03313
6.51702 -56.4369 1.02225
6.51873 -56.4323 1.01198
6.52055 -56.4289 1.00269
6.52357 -56.4246 0.993395
6.52817 -56.4188 0.984419
6.534 -56.4124 0.97612
6.54082 -56.4068 0.967644
6.54883 -56.4013 0.960501
6.5587 -56.3955 0.95443
6.59549 -56.3757 0.931591
6.62202 -56.3508 0.920387
6.64739 -56.3104 0.913952
6.6718 -56.2598 0.904085
6.69987 -56.1998 0.889114
6.72946 -56.124 0.87672
6.75815 -56.0356 0.87558
6.78868 -55.9394 0.890971
6.82374 -55.836 0.910314
6.87039 -55.7218 0.919876
6.99003 -55.4749 0.894507
7.05556 -55.3445 0.892663
7.1168 -55.212 0.909787
7.16711 -55.0733 0.926795
7.20785 -54.9292 0.918489
7.24383 -54.7739 0.891237
7.27534 -54.6141 0.868706
7.30747 -54.4546 0.869317
7.34588 -54.2981 0.887212
7.38829 -54.1444 0.897918
7.47663 -53.8312 0.850853
7.51409 -53.673 0.840498
7.54247 -53.5089 0.858469
7.55701 -53.3372 0.877092
7.56065 -53.1685 0.867602
7.56171 -53.0013 0.84789
7.56117 -52.8309 0.845861
7.56142 -52.6617 0.860953
7.56643 -52.4952 0.877945
7.57654 -52.3377 0.871333
7.58251 -52.0278 0.831955
7.5753 -51.8701 0.850272
7.5573 -51.7117 0.876528
7.52585 -51.5554 0.872258
7.48804 -51.3978 0.845646
7.44555 -51.2358 0.831823
7.40465 -51.0788 0.837974
7.37064 -50.9258 0.855209
7.34018 -50.7769 0.859643
7.3044 -50.6259 0.842917
7.20616 -50.316 0.823471
7.14351 -50.1599 0.840069
7.07282 -49.9979 0.848649
6.99665 -49.8355 0.824346
6.91115 -49.6746 0.792894
6.82077 -49.5155 0.782398
6.7349 -49.3596 0.797029
6.66029 -49.2106 0.806504
6.5918 -49.0645 0.794887
6.51904 -48.9181 0.778366
6.44456 -48.7817 0.77686
6.26909 -48.5065 0.813343
6.17077 -48.3716 0.804224
6.07331 -48.2392 0.790571
5.97802 -48.1129 0.79796
5.88598 -47.9835 0.818574
5.79184 -47.8417 0.835762
5.70465 -47.6977 0.826631
5.62468 -47.5585 0.805996
5.54504 -47.4288 0.802926
5.46001 -47.3034 0.826083
5.26023 -47.0627 0.841155
5.15269 -46.9427 0.814301
5.04564 -46.8226 0.800248
4.94275 -46.7031 0.810472
4.84471 -46.5857 0.829216
4.75278 -46.4686 0.833032
4.66652 -46.352 0.817888
4.58028 -46.2342 0.810519
4.49243 -46.1197 0.826065
4.28314 -45.8796 0.859372
4.16857 -45.7573 0.837828
4.05653 -45.6392 0.811412
3.95031 -45.5248 0.806577
3.84375 -45.4112 0.828106
3.74429 -45.2992 0.844441
3.65092 -45.1897 0.838912
3.5587 -45.0839 0.824881
3.46602 -44.9834 0.822584
3.36756 -44.8824 0.838225
3.26024 -44.7861 0.855356
3.03968 -44.6195 0.836382
2.93248 -44.5464 0.831275
2.82669 -44.4711 0.84704
2.72254 -44.3916 0.867792
2.6229 -44.3102 0.875857
2.53105 -44.2283 0.867058
2.4454 -44.1475 0.856562
2.36894 -44.0712 0.858446
2.29184 -43.9929 0.875266
2.21327 -43.9164 0.886888
2.04645 -43.7682 0.8742
1.96807 -43.7036 0.867684
1.89135 -43.643 0.872255
1.82194 -43.5853 0.87878
1.76104 -43.5287 0.881437
1.70981 -43.4767 0.878734
1.66842 -43.4339 0.874482
1.64114 -43.4032 0.870224
1.61731 -43.3749 0.871256
1.59485 -43.3506 0.874874
1.57342 -43.3353 0.876983
1.55222 -43.3142 0.873045
1.55507 -43.3027 0.87461
1.57173 -43.29 0.876847
1.59219 -43.2764 0.88214
1.60617 -43.2636 0.88789
1.61739 -43.2515 0.890405
1.63024 -43.2407 0.890579
1.64286 -43.2329 0.891346
1.65372 -43.2271 0.890837
1.6669 -43.2169 0.887446
1.6863 -43.1966 0.882539
1.75692 -43.1379 0.867698
1.8086 -43.1057 0.860785
1.86617 -43.0716 0.853804
1.92454 -43.0334 0.849655
1.97796 -42.9907 0.848999
2.02645 -42.9415 0.848238
2.07245 -42.8872 0.844045
2.11772 -42.8315 0.840099
2.16485 -42.7726 0.83509
2.21161 -42.7043 0.829245
2.25574 -42.628 0.823314
2.29688 -42.5486 0.821801
2.33692 -42.4668 0.829746
2.42824 -42.29 0.843227
2.48495 -42.1926 0.829069
2.5452 -42.0836 0.806218
2.60143 -41.9607 0.792296
2.65503 -41.8297 0.794077
2.70267 -41.6983 0.802121
2.74195 -41.569 0.799132
2.78274 -41.4453 0.781777
2.82606 -41.3193 0.771902
2.86862 -41.187 0.783027
2.91302 -41.0532 0.805674
3.02314 -40.786 0.79376
3.08683 -40.6475 0.777955
3.147 -40.5097 0.777583
3.20714 -40.3674 0.794885
3.2645 -40.2235 0.804675
3.32126 -40.0816 0.789127
3.38203 -39.9414 0.766007
3.44637 -39.8011 0.762923
3.51671 -39.6627 0.779047
3.59513 -39.5302 0.792594
3.76418 -39.2649 0.757624
3.84641 -39.1256 0.743948
3.93003 -38.988 0.752651
4.01217 -38.8514 0.770962
4.08684 -38.7146 0.77219
4.15707 -38.5834 0.752579
4.22886 -38.4579 0.734853
4.30455 -38.3388 0.73612
4.39087 -38.2161 0.756162
4.48802 -38.0994 0.760451
4.68481 -37.8689 0.724258
4.78465 -37.7465 0.727021
4.88946 -37.6225 0.744345
4.99323 -37.5014 0.747631
5.09459 -37.3826 0.727476
5.19578 -37.2688 0.703704
5.30265 -37.1637 0.702329
5.41637 -37.0615 0.724677
5.53224 -36.9629 0.742213
5.7638 -36.7596 0.707487
5.88148 -36.6568 0.690206
6.00682 -36.5563 0.689604
6.13287 -36.4578 0.696293
6.25384 -36.3547 0.688333
6.36842 -36.2519 0.665682
6.48447 -36.1562 0.648528
6.61282 -36.0642 0.656134
6.74913 -35.974 0.673231
6.8848 -35.886 0.671617
7.01652 -35.8018 0.652444
7.27161 -35.6188 0.652046
7.39777 -35.5156 0.664648
7.52067 -35.4111 0.65997
7.63987 -35.3038 0.654495
7.75324 -35.2003 0.661334
7.86933 -35.0995 0.681029
7.99136 -34.9954 0.696827
8.12083 -34.8866 0.694718
8.37504 -34.6648 0.665549
8.48964 -34.5517 0.66286
8.60331 -34.4375 0.668358
8.71957 -34.32 0.682778
8.83263 -34.2019 0.696475
8.9357 -34.0846 0.698284
9.03001 -33.9721 0.688563
9.13287 -33.8562 0.680947
9.24211 -33.7346 0.669668
9.34915 -33.613 0.646747
9.53827 -33.366 0.597505
9.6227 -33.2404 0.582675
9.704 -33.1006 0.572908
9.78034 -32.9578 0.559943
9.85357 -32.8127 0.540335
9.9163 -32.6701 0.525093
9.97617 -32.5352 0.520112
10.0361 -32.4042 0.5178
10.1013 -32.2739 0.518654
10.1708 -32.143 0.517259
10.2377 -32.0146 0.510467
10.3649 -31.7556 0.501887
10.4251 -31.6193 0.508262
10.4796 -31.4746 0.520169
10.5312 -31.3332 0.527285
10.5865 -31.2009 0.527859
10.6431 -31.0654 0.534393
10.7056 -30.9288 0.543732
10.7718 -30.794 0.55235
10.8349 -30.6635 0.565709
10.8931 -30.5375 0.586286
11.0045 -30.2641 0.633477
11.0597 -30.1217 0.635335
11.1159 -29.9893 0.629176
11.173 -29.8686 0.631854
11.2349 -29.7408 0.649153
11.3037 -29.6084 0.66167
11.3736 -29.4806 0.653884
11.4366 -29.351 0.639756
11.4927 -29.2247 0.637567
11.5492 -29.0937 0.653865
11.6009 -28.9573 0.671084
11.6495 -28.8194 0.672397
11.7408 -28.5575 0.678353
11.7917 -28.4318 0.696798
11.8466 -28.3091 0.715187
11.9021 -28.1918 0.719592
11.9545 -28.0787 0.711094
11.9982 -27.9637 0.707718
12.0356 -27.8422 0.719861
12.0736 -27.7114 0.738944
12.1094 -27.5752 0.743906
12.1394 -27.4388 0.726904
12.165 -27.3004 0.704964
12.1955 -27.1572 0.696425
12.2402 -27.015 0.704409
12.2925 -26.8759 0.716863
12.3924 -26.6009 0.702503
12.4326 -26.4618 0.687841
12.4636 -26.3214 0.688084
12.4927 -26.1741 0.697488
12.5151 -26.0213 0.692689
12.5303 -25.8725 0.66274
12.5443 -25.7222 0.633194
12.5667 -25.5718 0.623064
12.6009 -25.4246 0.633757
12.6441 -25.2764 0.650372
12.6912 -25.1344 0.643937
12.7415 -25.0033 0.622917
12.7928 -24.8811 0.613765
12.8457 -24.7531 0.629976
12.8967 -24.6177 0.644304
12.9493 -24.4809 0.634243
13.0063 -24.343 0.610079
13.1383 -24.0687 0.62254
13.2142 -23.9393 0.647076
13.2993 -23.8185 0.647195
13.3936 -23.7031 0.63139
13.4933 -23.5866 0.629184
13.5936 -23.4668 0.646754
13.6927 -23.3365 0.666185
13.7864 -23.2035 0.660135
13.8785 -23.0757 0.635795
13.9685 -22.9556 0.620883
14.164 -22.7294 0.64875
14.2725 -22.6162 0.650395
14.3819 -22.5073 0.624933
14.4889 -22.4008 0.607432
14.5924 -22.2939 0.614354
14.6975 -22.1779 0.636092
14.7994 -22.0583 0.642254
14.8953 -21.9355 0.623086
14.9872 -21.8074 0.601952
15.0812 -21.685 0.602874
15.1801 -21.5679 0.626511
15.2841 -21.4595 0.641135
15.4947 -21.2548 0.615972
15.5908 -21.1532 0.612923
15.6935 -21.0441 0.634747
15.7957 -20.9247 0.653892
15.8881 -20.8052 0.643306
15.9714 -20.687 0.619853
16.0555 -20.5666 0.618104
16.1483 -20.4423 0.643019
16.2501 -20.3197 0.664581
16.4638 -20.1025 0.641373
16.5714 -20.0014 0.63695
16.6785 -19.8995 0.650748
16.7861 -19.7862 0.669799
16.8846 -19.6639 0.6692
16.9758 -19.5427 0.649396
17.059 -19.4192 0.640641
17.1355 -19.2968 0.656266
17.2136 -19.175 0.683192
17.2984 -19.0611 0.695489
17.4823 -18.8481 0.675114
17.5679 -18.7337 0.676647
17.6489 -18.6158 0.693932
17.7228 -18.4908 0.710667
17.7961 -18.3675 0.704962
17.8694 -18.2501 0.686185
17.937 -18.1284 0.679604
18.0019 -17.9963 0.692312
18.1428 -17.727 0.713428
18.2106 -17.5954 0.696562
18.2714 -17.4652 0.680563
18.3221 -17.3382 0.683145
18.3665 -17.2086 0.70527
18.3974 -17.0777 0.716853
18.4138 -16.9443 0.702267
18.4169 -16.8041 0.68222
18.4095 -16.6595 0.678822
18.4067 -16.5207 0.686422
18.4154 -16.3802 0.696966
18.4315 -16.0929 0.684458
18.4285 -15.9515 0.679963
18.4106 -15.8177 0.694548
18.3811 -15.6807 0.715047
18.3418 -15.5401 0.724325
18.2982 -15.4022 0.713379
18.2507 -15.27 0.700097
18.1956 -15.1415 0.706227
18.1412 -15.0124 0.725169
18.1003 -14.8859 0.737328
18.042 -14.6495 0.702797
18.004 -14.5307 0.697052
17.9569 -14.4042 0.707217
17.8973 -14.2756 0.705207
17.8203 -14.1512 0.68361
17.7358 -14.0315 0.656096
17.6504 -13.9167 0.633388
17.5705 -13.8066 0.618278
17.4917 -13.6968 0.611281
17.4075 -13.5894 0.608142
17.32 -13.4864 0.610889
17.2306 -13.39 0.624448
17.1433 -13.298 0.639562
17.0552 -13.2139 0.647878
16.8539 -13.0462 0.659942
16.7417 -12.9596 0.67346
16.636 -12.877 0.687977
16.5375 -12.797 0.702954
16.4415 -12.7146 0.717194
16.3472 -12.6255 0.72692
16.2573 -12.5323 0.735992
16.169 -12.4429 0.74949
16.0822 -12.3605 0.764455
15.9987 -12.2769 0.777075
15.9101 -12.1919 0.789217
15.7051 -12.0214 0.804715
15.6024 -11.9376 0.807875
15.5092 -11.8555 0.81546
15.4146 -11.7708 0.830495
15.3157 -11.6791 0.843477
15.2143 -11.5862 0.846921
15.1134 -11.4957 0.84428
15.0154 -11.4083 0.849283
14.9111 -11.3236 0.869166
14.7965 -11.2474 0.880832
14.5582 -11.1099 0.857562
14.4461 -11.0368 0.865857
14.3324 -10.9574 0.891816
14.2169 -10.8736 0.904865
14.1033 -10.7899 0.893605
13.987 -10.7051 0.881838
13.8691 -10.6201 0.887268
13.7558 -10.5287 0.904577
13.6433 -10.4393 0.912496
13.5277 -10.3563 0.902105
13.4152 -10.2781 0.885689
13.3036 -10.201 0.884008
13.0873 -10.0421 0.918266
12.9873 -9.95328 0.916136
12.8899 -9.85919 0.899651
12.7905 -9.76248 0.888922
12.6886 -9.6664 0.898327
12.576 -9.56811 0.916983
12.4562 -9.47241 0.917045
12.3382 -9.38321 0.901942
12.2213 -9.29883 0.893839
12.1007 -9.21669 0.899973
11.9784 -9.131 0.916433
11.7618 -8.93617 0.903628
11.6571 -8.8355 0.883265
11.5517 -8.74064 0.875922
11.4436 -8.64763 0.885719
11.3317 -8.55613 0.89927
11.215 -8.46511 0.902306
11.0976 -8.37549 0.888373
10.9795 -8.28685 0.875233
10.8634 -8.19541 0.886543
10.7516 -8.10328 0.91012
10.6415 -8.01038 0.91666
10.4198 -7.81813 0.879336
10.3097 -7.7247 0.875796
10.1966 -7.63034 0.891136
10.0777 -7.54246 0.902095
9.95736 -7.45918 0.893073
9.84426 -7.37151 0.875218
9.73981 -7.27904 0.866663
9.62945 -7.18569 0.883368
9.5205 -7.09151 0.90204
9.41469 -6.99393 0.898759
9.31109 -6.89379 0.88313
9.11122 -6.69929 0.88386
9.00994 -6.60769 0.899523
8.90223 -6.52308 0.900025
8.79428 -6.44144 0.882541
8.6808 -6.35794 0.870555
8.56203 -6.27161 0.874499
8.44746 -6.18273 0.885677
8.33974 -6.09189 0.890822
8.23556 -6.00107 0.88143
8.12982 -5.91364 0.864875
8.02143 -5.83559 0.857313
7.90419 -5.75871 0.871299
7.78542 -5.68076 0.884627
7.66568 -5.60495 0.875734
7.41586 -5.46341 0.848672
7.29047 -5.39231 0.859837
7.16938 -5.32213 0.874185
7.05618 -5.25375 0.873865
6.94931 -5.18648 0.857097
6.8423 -5.12156 0.838458
6.73338 -5.06736 0.835578
6.62101 -5.02143 0.85212
6.49921 -4.98437 0.864775
6.37043 -4.94922 0.856136
6.09953 -4.88152 0.836964
5.95704 -4.84656 0.850702
5.82072 -4.80535 0.86159
5.69141 -4.75771 0.854554
5.56278 -4.70679 0.838166
5.43382 -4.65821 0.827806
5.30585 -4.61111 0.832599
5.17202 -4.56447 0.847435
4.89868 -4.49088 0.831058
4.76413 -4.45406 0.810521
4.62828 -4.41223 0.81022
4.48847 -4.36375 0.830646
4.21976 -4.2563 0.825601
4.0878 -4.20171 0.809932
3.95979 -4.14856 0.808299
3.69105 -4.03099 0.832989
3.55617 -3.97309 0.819793
3.42536 -3.91178 0.796771
3.29657 -3.8479 0.784765
3.03657 -3.72 0.799401
2.90474 -3.65394 0.80094
2.77656 -3.58232 0.7826
2.64958 -3.50478 0.762935
2.52656 -3.42883 0.758098
2.39475 -3.34986 0.770724
2.25856 -3.27497 0.776405
2.12445 -3.20249 0.764984
1.87893 -3.06169 0.744003
1.75368 -2.98909 0.759452
1.63011 -2.91306 0.771474
1.51271 -2.83331 0.761529
1.39757 -2.75421 0.741752
1.28065 -2.67957 0.73313
1.15597 -2.60346 0.743625
1.03099 -2.52971 0.755049
0.909407 -2.4642 0.749097
0.791448 -2.40456 0.73355
0.55413 -2.29624 0.738468
0.43696 -2.24012 0.755162
0.326247 -2.18059 0.762851
0.22229 -2.1184 0.756408
0.120577 -2.05773 0.7464
0.0200095 -1.9996 0.745229
-0.0843107 -1.94086 0.755494
-0.192014 -1.88359 0.764943
-0.302136 -1.82822 0.76153
-0.411657 -1.77584 0.750748
-0.520881 -1.72434 0.749139
-0.633604 -1.66945 0.760644
-0.748647 -1.6085 0.773794
-0.857535 -1.54326 0.773375
-1.06036 -1.40474 0.750204
-1.16431 -1.33624 0.753833
-1.272 -1.26444 0.764962
-1.38062 -1.19246 0.770614
-1.4847 -1.12471 0.765305
-1.5838 -1.05976 0.755
-1.67973 -0.994985 0.754702
-1.78157 -0.925513 0.771762
-1.88517 -0.847492 0.788173
-1.98341 -0.759839 0.788238
-2.07749 -0.667807 0.775494
-2.16701 -0.577661 0.765265
-2.25509 -0.485678 0.769902
-2.34322 -0.392436 0.782626
-2.43082 -0.300797 0.786505
-2.51396 -0.211899 0.7786
-2.66281 -0.0287289 0.775117
-2.72713 0.0740317 0.793953
-2.78085 0.183609 0.810159
-2.82416 0.296451 0.809917
-2.86107 0.410687 0.799067
-2.89518 0.521953 0.792655
-2.92503 0.634467 0.801328
-2.95355 0.748188 0.81641
-2.98225 0.859422 0.82129
-3.0074 0.967015 0.813467
-3.02328 1.06983 0.806026
-3.02378 1.16554 0.809491
-3.00861 1.25992 0.821635
-2.97772 1.35472 0.832253
-2.87748 1.52777 0.812191
-2.81613 1.60572 0.797933
-2.74467 1.67736 0.792869
-2.6631 1.74892 0.795213
-2.57719 1.81679 0.788645
-2.48547 1.88066 0.773574
-2.38964 1.9361 0.761444
-2.29101 1.97856 0.759609
-2.1872 2.00883 0.769695
-2.07753 2.02877 0.780575
-1.96495 2.04081 0.778328
-1.73336 2.0505 0.749793
-1.61309 2.05091 0.746395
-1.48382 2.0482 0.751059
-1.35465 2.04602 0.747919
-1.23104 2.04373 0.730986
-1.11009 2.0394 0.71649
-0.990666 2.02866 0.715594
-0.867097 2.01015 0.725951
-0.739251 1.98301 0.733022
-0.611501 1.95129 0.724125
-0.484063 1.91554 0.702859
-0.357523 1.87771 0.687606
-0.226484 1.83012 0.689
-0.0926644 1.7786 0.695809
0.161504 1.68116 0.67476
0.286105 1.63375 0.666006
0.411489 1.58072 0.675641
0.534847 1.51619 0.689694
0.655796 1.44079 0.687533
0.773467 1.35995 0.671266
0.884953 1.27732 0.654884
0.989025 1.19568 0.653464
1.09427 1.11204 0.665766
1.20076 1.03045 0.669247
1.30917 0.950902 0.654993
1.41914 0.875863 0.638635
1.52736 0.80001 0.636959
1.63756 0.717816 0.652491
1.83071 0.533485 0.659675
1.91885 0.437116 0.643711
2.00844 0.340441 0.63503
2.10894 0.244603 0.644667
2.22034 0.155873 0.657393
2.33217 0.0784052 0.654702
2.4388 0.00686962 0.639923
2.54729 -0.0617878 0.631012
2.66541 -0.122807 0.638109
2.78851 -0.174665 0.654428
2.9059 -0.219652 0.663823
3.01366 -0.262346 0.660508
3.22234 -0.3475 0.638339
3.33156 -0.388011 0.644537
3.44115 -0.417086 0.657258
3.54575 -0.430026 0.655979
3.64548 -0.428911 0.636251
3.74093 -0.41431 0.616566
3.83372 -0.390724 0.613468
3.9308 -0.365821 0.622678
4.03052 -0.338204 0.62487
4.12754 -0.304733 0.613321
4.21605 -0.266801 0.598595
4.2919 -0.222947 0.596657
4.43442 -0.109254 0.617631
4.50189 -0.0421802 0.612317
4.56532 0.0304375 0.599874
4.6206 0.107533 0.588681
4.66528 0.189195 0.586047
4.70399 0.277182 0.590575
4.74018 0.365414 0.5925
4.77316 0.450768 0.584735
4.79701 0.533723 0.573524
4.80629 0.614884 0.571856
4.80834 0.70194 0.579241
4.80067 0.792925 0.583525
4.78337 0.88383 0.576596
4.76027 0.967085 0.563301
4.73829 1.03929 0.556362
4.69124 1.18394 0.574387
4.67411 1.25586 0.577971
4.6608 1.32058 0.574209
4.65758 1.37491 0.570171
4.66282 1.42818 0.572535
4.67013 1.48341 0.580674
4.67452 1.53856 0.58673
4.67819 1.59392 0.585241
4.68421 1.64825 0.579988
4.69435 1.70109 0.574837
4.71024 1.75049 0.570792
4.73323 1.79451 0.56967
4.76184 1.82983 0.569316
4.82638 1.88119 0.56867
4.86198 1.89939 0.569449
4.90394 1.91155 0.572629
4.95605 1.91324 0.577511
5.0162 1.90582 0.583428
5.07906 1.89701 0.588985
5.14385 1.89116 0.591559
5.2097 1.89026 0.591352
5.27447 1.89557 0.589117
5.338 1.90702 0.58702
5.39987 1.92553 0.586081
5.46351 1.95321 0.583941
5.60316 2.03655 0.572844
5.67657 2.09034 0.574489
5.75143 2.14949 0.581445
5.82809 2.21362 0.587169
5.90946 2.27639 0.582392
5.99719 2.34004 0.56606
6.09232 2.41231 0.548576
6.18927 2.49344 0.537628
6.28814 2.58216 0.536511
6.38472 2.6739 0.533083
6.47962 2.77189 0.515366
6.5702 2.87807 0.492395
6.65429 2.98758 0.482671
6.73467 3.10267 0.491286
6.88072 3.31839 0.490135
6.95078 3.41773 0.469408
7.0122 3.51887 0.455701
7.06289 3.62801 0.462718
7.10423 3.75071 0.477426
7.13566 3.87697 0.477416
7.15576 3.99874 0.461822
7.16454 4.11657 0.446901
7.1637 4.236 0.446235
7.15899 4.35005 0.45387
7.15796 4.45204 0.455134
7.15716 4.54976 0.447797
7.14591 4.64932 0.437672
7.08036 4.8668 0.443004
7.02673 4.96793 0.441477
6.96816 5.05732 0.427024
6.90946 5.13851 0.412652
6.84961 5.21561 0.411534
6.78421 5.29587 0.417154
6.71987 5.37555 0.419441
6.65564 5.4497 0.413219
6.58663 5.51696 0.404049
6.51342 5.57838 0.403297
6.43129 5.64269 0.410416
6.3395 5.70517 0.415301
6.2424 5.76205 0.405836
6.04989 5.86296 0.37345
5.95667 5.9095 0.36937
5.86923 5.95857 0.366362
5.78824 6.01131 0.354988
5.71151 6.06623 0.328996
5.63162 6.12265 0.282913
5.54822 6.17957 0.225436
5.4505 6.23946 0.190404
5.34264 6.29538 0.162786
5.24769 6.34707 0.109146
5.16476 6.40038 0.0575852
5.07606 6.4516 0.0226205
4.98591 6.49818 -0.0206616
4.89633 6.54319 -0.0594656
4.69844 6.63481 -0.0608869
4.60288 6.67855 -0.0697771
4.51464 6.7261 -0.0753957
4.41944 6.78162 -0.0709336
4.31881 6.84521 -0.0723819
4.22498 6.91343 -0.0935321
4.14186 6.98417 -0.12478
4.06125 7.05764 -0.145486
3.96405 7.13967 -0.151494
3.85127 7.22315 -0.159159
3.73693 7.30305 -0.187508
3.63641 7.37264 -0.225116
3.54267 7.43509 -0.249985
3.44453 7.50004 -0.255491
3.34077 7.57097 -0.253969
3.23369 7.64561 -0.275089
3.02412 7.79408 -0.341992
2.91153 7.86073 -0.335187
2.79227 7.91572 -0.332415
2.6754 7.96591 -0.358932
2.56816 8.01569 -0.396613
2.46628 8.07062 -0.41896
2.3689 8.12378 -0.420754
2.2838 8.17756 -0.416581
2.20525 8.23014 -0.425756
2.13439 8.28406 -0.449304
2.07028 8.34124 -0.46782
1.94722 8.46772 -0.45085
1.89009 8.51936 -0.442686
1.84121 8.5641 -0.443354
1.79223 8.61194 -0.445121
1.74116 8.6624 -0.450973
1.69972 8.71564 -0.460251
1.66683 8.77239 -0.458794
1.64384 8.82192 -0.451501
1.6311 8.86361 -0.449489
1.62755 8.90469 -0.456142
1.63361 8.94685 -0.464936
1.67253 9.02583 -0.469578
1.70246 9.05663 -0.468436
1.73535 9.08214 -0.464447
1.76756 9.10606 -0.465295
1.8014 9.1299 -0.469875
1.83851 9.14745 -0.475134
1.87593 9.15565 -0.478608
1.90936 9.15328 -0.477289
1.93757 9.14518 -0.471772
1.96026 9.13344 -0.469806
1.9954 9.09457 -0.482145
2.00725 9.06723 -0.491401
2.01305 9.03639 -0.49904
2.01093 9.00369 -0.504041
2.0026 8.96943 -0.505852
1.9887 8.93423 -0.506213
1.97343 8.90221 -0.503509
1.95991 8.87861 -0.498138
1.94754 8.86436 -0.492021
1.93584 8.85643 -0.485365
1.92401 8.85605 -0.477465
1.89876 8.872 -0.461516
1.88565 8.88468 -0.45579
1.87423 8.89916 -0.449091
1.86428 8.91317 -0.442238
1.85547 8.92235 -0.436752
1.84277 8.92655 -0.433074
1.8219 8.92524 -0.433529
1.79802 8.91828 -0.437518
1.78031 8.90792 -0.440162
1.77289 8.89846 -0.440592
1.77073 8.88943 -0.438151
1.77053 8.87963 -0.435254
1.77307 8.86755 -0.436199
1.77828 8.85264 -0.441901
1.78638 8.83628 -0.450151
1.79709 8.82302 -0.458327
1.80994 8.8162 -0.461836
1.82494 8.81666 -0.460887
1.84051 8.82263 -0.459403
1.85441 8.82983 -0.457461
1.86542 8.83603 -0.455887
1.87401 8.84147 -0.45466
1.88091 8.84603 -0.45198
1.89441 8.85998 -0.44372
1.90307 8.87342 -0.437741
1.9145 8.88862 -0.429974
1.92873 8.90107 -0.425379
1.94407 8.90893 -0.426048
1.95999 8.91427 -0.431819
1.97637 8.9167 -0.439348
1.99556 8.91889 -0.446482
2.01863 8.91841 -0.455043
2.03975 8.91179 -0.464263
2.05974 8.89939 -0.474314
2.08046 8.88183 -0.486823
2.09882 8.86108 -0.500213
2.13023 8.82656 -0.515332
2.14522 8.81572 -0.516006
2.14779 8.80635 -0.513108
2.1439 8.7977 -0.510095
2.1427 8.78563 -0.508478
2.13938 8.76995 -0.513175
2.14847 8.74708 -0.519298
2.16888 8.71954 -0.525504
2.19909 8.68962 -0.530125
2.23633 8.65573 -0.535423
2.2805 8.61787 -0.537586
2.32844 8.57516 -0.53336
2.43506 8.48661 -0.517846
2.49996 8.44175 -0.515143
2.57399 8.3925 -0.515338
2.6578 8.34186 -0.509638
2.74488 8.28802 -0.494369
2.83307 8.22345 -0.473435
2.92402 8.14783 -0.458845
3.0172 8.06411 -0.459473
3.10987 7.9724 -0.465083
3.2904 7.79827 -0.432587
3.38097 7.71584 -0.400889
3.47642 7.6359 -0.392309
3.57318 7.56268 -0.40314
3.67991 7.48785 -0.393579
3.79228 7.4112 -0.358933
3.90441 7.32883 -0.312998
4.01248 7.24153 -0.280654
4.1191 7.15113 -0.274865
4.22554 7.05754 -0.278127
4.45428 6.87103 -0.228125
4.57143 6.78229 -0.18856
4.68399 6.70256 -0.16499
4.79451 6.62495 -0.161152
4.91132 6.54739 -0.156422
5.02951 6.47096 -0.137154
5.14688 6.39509 -0.10089
5.26377 6.3181 -0.0653506
5.37853 6.24018 -0.0490094
5.48802 6.16376 -0.0422788
5.59375 6.09091 -0.0251301
5.69583 6.02366 0.00923724
5.79638 5.95949 0.0534703
5.97399 5.84449 0.101623
6.05795 5.79503 0.113324
6.13971 5.75374 0.137004
6.21388 5.71142 0.178444
6.27502 5.65983 0.223357
6.33469 5.59878 0.251846
6.39998 5.53314 0.255724
6.47108 5.46518 0.252465
6.55171 5.39659 0.26308
6.63594 5.33137 0.29199
6.72256 5.27204 0.329176
6.81009 5.21752 0.359111
6.98399 5.10099 0.37645
7.07133 5.04214 0.383021
7.1615 4.9781 0.403594
7.24892 4.90975 0.431138
7.42696 4.75133 0.445763
7.52282 4.66392 0.433253
7.61534 4.57357 0.429403
7.70404 4.47628 0.443159
7.79121 4.37044 0.459421
7.87986 4.25937 0.461514
7.96954 4.14441 0.445377
8.05935 4.03039 0.434843
8.13514 3.91999 0.443649
8.19819 3.80392 0.469964
8.24685 3.68128 0.491196
8.28533 3.55356 0.491854
8.33565 3.29294 0.484669
8.35243 3.15965 0.50347
8.36335 3.02172 0.521312
8.3674 2.88383 0.520333
8.3622 2.74727 0.506542
8.34635 2.61605 0.499833
8.31817 2.4885 0.514543
8.27586 2.36378 0.53901
8.21972 2.24034 0.553456
8.15696 2.11716 0.548081
8.09 1.99984 0.533895
8.02208 1.88644 0.531486
7.95233 1.77133 0.548902
7.81554 1.54247 0.568448
7.75066 1.42959 0.555168
7.68518 1.31448 0.55018
7.61624 1.19983 0.561454
7.54103 1.08529 0.580406
7.45539 0.9727 0.590213
7.36037 0.862797 0.58032
7.26149 0.754086 0.567329
7.16502 0.644371 0.568854
6.98582 0.408173 0.603807
6.90702 0.282841 0.599146
6.83468 0.161586 0.58227
6.76311 0.034309 0.579716
6.6909 -0.09714 0.597529
6.61618 -0.224764 0.618468
6.53961 -0.343496 0.62209
6.46241 -0.456277 0.608004
6.38606 -0.568871 0.594826
6.31539 -0.681942 0.597267
6.2459 -0.802745 0.620566
6.18183 -0.930682 0.643918
6.07278 -1.18941 0.630053
6.02322 -1.31899 0.628817
5.97782 -1.45369 0.649369
5.92956 -1.5857 0.673857
5.87949 -1.707 0.681077
5.8314 -1.82396 0.674924
5.78673 -1.9408 0.668725
5.74778 -2.05977 0.67548
5.71317 -2.18542 0.695685
5.68796 -2.31253 0.704285
5.67235 -2.43659 0.693353
5.66761 -2.55798 0.67822
5.67668 -2.68397 0.68058
5.69757 -2.81264 0.698758
5.72019 -2.93553 0.715453
5.75031 -3.17305 0.715319
5.76558 -3.2962 0.710169
5.78718 -3.42122 0.716198
5.81925 -3.5458 0.737395
5.86739 -3.66796 0.753544
5.93048 -3.78272 0.751183
6.00212 -3.88951 0.739525
6.08116 -3.99453 0.741575
6.16674 -4.09885 0.759683
6.25129 -4.20555 0.778565
6.32962 -4.31517 0.786162
6.40478 -4.42849 0.77998
6.48287 -4.54291 0.771003
6.57207 -4.65272 0.775582
6.77134 -4.85295 0.802575
6.87292 -4.94496 0.795414
6.97603 -5.03038 0.78296
7.07932 -5.11195 0.781529
7.1839 -5.19762 0.797069
7.28746 -5.28797 0.817324
7.38357 -5.37873 0.825764
7.4725 -5.46954 0.820174
7.55962 -5.55868 0.814616
7.64859 -5.64073 0.82505
7.74579 -5.71892 0.848783
7.84725 -5.79292 0.863291
7.95236 -5.86651 0.858186
8.06074 -5.93823 0.842363
8.27966 -6.08579 0.844529
8.38878 -6.16987 0.860157
8.49553 -6.26029 0.86694
8.59572 -6.35182 0.85316
8.69674 -6.4439 0.83564
8.8003 -6.53227 0.839639
8.90749 -6.61986 0.865173
9.01516 -6.70622 0.885711
9.1246 -6.79307 0.885751
9.23484 -6.878 0.873439
9.34412 -6.96367 0.867329
9.44876 -7.05124 0.872616
9.55555 -7.14396 0.885972
9.75084 -7.33754 0.874982
9.84543 -7.43026 0.86343
9.94076 -7.51751 0.867187
10.0432 -7.60837 0.889652
10.1473 -7.69999 0.903357
10.2547 -7.79463 0.892845
10.3637 -7.88854 0.86935
10.4734 -7.98145 0.860312
10.5839 -8.07172 0.875251
10.6938 -8.16431 0.894779
10.8931 -8.35374 0.87894
10.99 -8.44811 0.861726
11.0888 -8.53774 0.862869
11.1929 -8.62995 0.883349
11.3017 -8.72035 0.897966
11.4093 -8.80928 0.888491
11.5132 -8.89796 0.86927
11.62 -8.98624 0.862782
11.7319 -9.07251 0.875158
11.8449 -9.16386 0.892335
11.9516 -9.26 0.892037
12.0508 -9.35736 0.873361
12.1529 -9.45649 0.860514
12.3624 -9.64415 0.891785
12.4755 -9.72465 0.902276
12.5899 -9.79724 0.889172
12.7075 -9.86316 0.868698
12.8296 -9.92578 0.863381
12.9565 -9.99363 0.878266
13.0793 -10.0764 0.893151
13.1861 -10.1698 0.887773
13.2849 -10.2645 0.870204
13.3862 -10.3589 0.857516
13.4928 -10.4496 0.865203
13.6106 -10.5404 0.885366
13.8501 -10.7145 0.870555
13.9671 -10.8001 0.854088
14.0878 -10.8875 0.858694
14.2153 -10.9785 0.879105
14.3353 -11.073 0.888727
14.4437 -11.1713 0.877341
14.5473 -11.2744 0.858018
14.6521 -11.3771 0.849342
14.7576 -11.4778 0.861421
14.8676 -11.5705 0.879649
14.9794 -11.6549 0.879065
15.0877 -11.7336 0.861255
15.3153 -11.8899 0.862685
15.4319 -11.9713 0.879439
15.5384 -12.0537 0.885079
15.6321 -12.1334 0.876709
15.7221 -12.2117 0.864206
15.8138 -12.288 0.86053
15.9172 -12.3692 0.872083
16.0263 -12.4474 0.882896
16.1324 -12.518 0.878524
16.2331 -12.5828 0.861608
16.4443 -12.7137 0.852319
16.5493 -12.7883 0.858353
16.6478 -12.8701 0.857411
16.7411 -12.9541 0.845116
16.8367 -13.0358 0.827844
16.9439 -13.1122 0.823504
17.0595 -13.1853 0.834786
17.1828 -13.2505 0.84436
17.3075 -13.3087 0.835381
17.4332 -13.3667 0.81591
17.6862 -13.493 0.79457
17.8109 -13.5651 0.801496
17.9297 -13.6402 0.800106
18.0457 -13.7129 0.784198
18.1597 -13.7809 0.766611
18.3959 -13.8982 0.785588
18.5269 -13.9404 0.796385
18.6604 -13.9816 0.781963
18.7967 -14.0246 0.758739
18.9347 -14.069 0.748973
19.0657 -14.1116 0.75305
19.1933 -14.1527 0.764608
19.3232 -14.1919 0.763152
19.5983 -14.2677 0.710632
19.7455 -14.2997 0.701942
19.8979 -14.3224 0.709431
20.0461 -14.3315 0.711849
20.185 -14.3335 0.695758
20.3236 -14.3371 0.675658
20.4679 -14.3421 0.665968
20.6171 -14.3482 0.673333
20.7558 -14.3641 0.678224
20.8833 -14.3874 0.665666
21.1284 -14.4332 0.636979
21.2622 -14.451 0.658105
21.3995 -14.4544 0.678548
21.5334 -14.4505 0.669896
21.6648 -14.4446 0.645934
21.8012 -14.4353 0.633272
21.9423 -14.4244 0.644346
22.0848 -14.415 0.665931
22.2245 -14.4097 0.674336
22.3612 -14.4095 0.661578
22.4973 -14.4118 0.64441
22.7799 -14.4196 0.646144
22.9333 -14.4203 0.659234
23.0845 -14.4137 0.657475
23.2302 -14.404 0.639018
23.3786 -14.3923 0.624573
23.5252 -14.3806 0.628407
23.6645 -14.3676 0.643833
23.791 -14.3581 0.651457
23.9139 -14.3519 0.647962
24.036 -14.3503 0.638951
24.161 -14.348 0.638779
24.2938 -14.3446 0.651477
24.4315 -14.3406 0.659793
24.5712 -14.3335 0.649053
24.848 -14.3241 0.61384
24.9862 -14.3209 0.620069
25.1262 -14.3184 0.636208
25.2619 -14.3175 0.637171
25.3938 -14.3218 0.618085
25.5278 -14.3316 0.601762
25.6699 -14.3406 0.608602
25.8145 -14.3442 0.631854
25.9519 -14.341 0.643127
26.0815 -14.3352 0.635628
26.2163 -14.3295 0.625713
26.3609 -14.3306 0.625042
26.5055 -14.3303 0.636256
26.6415 -14.3251 0.645121
26.7647 -14.3287 0.635937
27.0231 -14.3434 0.602886
27.1633 -14.3514 0.61139
27.3053 -14.3569 0.629867
27.4377 -14.3521 0.63767
27.5652 -14.3372 0.62794
27.6913 -14.3216 0.614686
27.8173 -14.3117 0.61621
27.9464 -14.3085 0.633276
28.0774 -14.3149 0.651596
28.2044 -14.3286 0.650743
28.4381 -14.3589 0.620075
28.5489 -14.3684 0.621869
28.6497 -14.3683 0.637782
28.7349 -14.3618 0.649296
28.8024 -14.3533 0.64883
28.8541 -14.34 0.649127
28.8958 -14.33 0.650289
28.9403 -14.3237 0.661683
28.9779 -14.3243 0.668541
29.0271 -14.3486 0.67112
29.0442 -14.3689 0.672866
29.0694 -14.3973 0.671092
29.1168 -14.4279 0.664725
29.1979 -14.4365 0.649112
29.2893 -14.4049 0.619499
29.355 -14.335 0.582948
29.3839 -14.2335 0.549419
29.3728 -14.1196 0.52045
29.3223 -14.0286 0.506802
29.2449 -13.9712 0.517734
29.0606 -13.9519 0.574736
28.9877 -13.9928 0.607564
28.9534 -14.0584 0.64132
28.9535 -14.1323 0.666201
28.9624 -14.2019 0.676292
28.9648 -14.2693 0.677708
28.9578 -14.3411 0.673701
28.9399 -14.4117 0.663914
28.9121 -14.4722 0.646801
28.8516 -14.5457 0.606852
28.8271 -14.5812 0.583461
28.8077 -14.6273 0.550621
28.8019 -14.6816 0.511082
28.8194 -14.7321 0.472178
28.866 -14.7732 0.437192
28.9367 -14.7995 0.408908
29.0339 -14.8063 0.387543
29.1519 -14.7796 0.369276
29.2749 -14.7063 0.356537
29.3771 -14.5763 0.356386
29.4286 -14.4014 0.373876
29.4162 -14.2162 0.406043
29.3542 -14.0677 0.448526
29.2683 -13.973 0.504042
29.18 -13.9367 0.573759
29.02 -13.9963 0.693261
28.9768 -14.0642 0.726776
28.9736 -14.1422 0.747786
28.9909 -14.2267 0.753337
29.0054 -14.3115 0.746125
29.01 -14.3935 0.728505
29.0026 -14.4707 0.702812
28.9787 -14.5379 0.671656
28.9407 -14.588 0.641351
28.9013 -14.6221 0.615663
28.8685 -14.6536 0.589051
28.8421 -14.6932 0.55668
28.824 -14.741 0.518123
28.8203 -14.7875 0.477093
28.8391 -14.8265 0.439076
28.9487 -14.8702 0.390774
29.0427 -14.8668 0.375302
29.1584 -14.8351 0.35604
29.2741 -14.7617 0.334196
29.3708 -14.6441 0.320274
29.4362 -14.4856 0.320055
29.4486 -14.3061 0.332169
29.3974 -14.1412 0.360522
29.2966 -14.0208 0.403956
29.1763 -13.9626 0.458362
29.068 -13.9692 0.52334
28.9902 -14.0241 0.586015
28.948 -14.103 0.635424
28.9384 -14.1918 0.667027
28.9494 -14.287 0.675696
28.9662 -14.3664 0.6699
29.0151 -14.3971 0.662505
29.0476 -14.3961 0.651974
29.0689 -14.4037 0.644579
29.0829 -14.4173 0.641433
29.081 -14.424 0.640046
29.0798 -14.4209 0.64288
29.0909 -14.403 0.648233
29.1125 -14.3822 0.644335
29.1363 -14.3665 0.636438
29.1678 -14.3532 0.63212
29.2072 -14.3451 0.628543
29.2463 -14.345 0.6231
29.2927 -14.3517 0.616594
29.4258 -14.3778 0.598113
29.5117 -14.3965 0.588891
29.6103 -14.4173 0.590581
29.7199 -14.4375 0.60126
29.8364 -14.4511 0.609004
29.9592 -14.4594 0.60415
30.0902 -14.4637 0.585298
30.2311 -14.4705 0.569046
30.3779 -14.4817 0.574958
30.5259 -14.505 0.59898
30.6693 -14.5395 0.612227
30.8162 -14.577 0.609343
30.965 -14.6181 0.594935
31.1084 -14.6638 0.57906
31.4098 -14.7557 0.600641
31.5639 -14.7936 0.602975
31.7197 -14.8242 0.591253
31.8723 -14.8493 0.583474
32.0127 -14.881 0.593525
32.1537 -14.9215 0.609916
32.2987 -14.9689 0.611858
32.4507 -15.0206 0.597692
32.6116 -15.0753 0.582015
32.7667 -15.1268 0.586381
33.0698 -15.2148 0.606372
33.22 -15.2534 0.584844
33.3625 -15.2943 0.56843
33.4974 -15.3389 0.576835
33.6266 -15.3907 0.598341
33.7559 -15.449 0.606756
33.8811 -15.5129 0.58791
34.0062 -15.5825 0.565071
34.135 -15.6521 0.559213
34.2768 -15.7168 0.572998
34.4258 -15.7725 0.583544
34.5715 -15.8247 0.570884
34.7128 -15.8777 0.549719
35.001 -15.9924 0.556098
35.1423 -16.0666 0.56561
35.2779 -16.1517 0.560629
35.407 -16.2345 0.539247
35.5378 -16.3131 0.521721
35.6708 -16.3914 0.521836
35.8108 -16.475 0.535208
35.955 -16.5534 0.539532
36.0999 -16.6253 0.524761
36.3615 -16.7696 0.513346
36.479 -16.8468 0.532688
36.5989 -16.9345 0.550768
36.7208 -17.0347 0.541268
36.8434 -17.143 0.516106
36.9669 -17.2499 0.501945
37.0942 -17.3488 0.510381
37.2291 -17.4383 0.526714
37.3663 -17.5234 0.52495
37.5009 -17.6153 0.505606
37.6328 -17.7099 0.496875
37.7503 -17.8006 0.507664
37.8647 -17.9013 0.529904
37.983 -18.013 0.53692
38.2092 -18.2384 0.496294
38.3268 -18.3482 0.504024
38.4535 -18.4551 0.532012
38.582 -18.5526 0.540232
38.7065 -18.6468 0.523325
38.8318 -18.7448 0.510355
38.9585 -18.8496 0.516854
39.0763 -18.9579 0.54097
39.176 -19.064 0.556153
39.2681 -19.1726 0.547523
39.4568 -19.4004 0.528589
39.554 -19.5168 0.545957
39.6503 -19.6325 0.561772
39.7505 -19.7424 0.554998
39.8553 -19.8461 0.535085
39.9599 -19.9483 0.527327
40.0581 -20.0563 0.543309
40.1485 -20.172 0.57337
40.237 -20.2942 0.587852
40.3237 -20.4216 0.574013
40.4043 -20.5533 0.556711
40.584 -20.8171 0.588445
40.6811 -20.9387 0.599661
40.7779 -21.059 0.58104
40.8762 -21.1869 0.559541
40.9757 -21.319 0.555394
41.0712 -21.4573 0.570488
41.1561 -21.597 0.58655
41.2298 -21.7332 0.579693
41.2977 -21.8667 0.56378
41.3687 -21.9946 0.562795
41.5291 -22.2473 0.601501
41.6209 -22.373 0.597037
41.7137 -22.4956 0.579165
41.8012 -22.6163 0.572701
41.8791 -22.7401 0.587392
41.9521 -22.8677 0.613437
42.0195 -22.9933 0.62078
42.0813 -23.1169 0.607341
42.1425 -23.242 0.599885
42.2106 -23.3692 0.6119
42.2853 -23.5005 0.630464
42.3655 -23.6299 0.638997
42.5193 -23.8804 0.606941
42.5838 -24.0094 0.602592
42.6423 -24.1462 0.624343
42.6853 -24.279 0.647409
42.7143 -24.4058 0.649648
42.7375 -24.5321 0.636394
42.759 -24.6578 0.626481
42.7733 -24.7843 0.636194
42.7819 -24.907 0.659178
42.8222 -25.1179 0.668336
42.8535 -25.213 0.652777
42.8851 -25.3083 0.648786
42.9262 -25.402 0.667745
42.989 -25.4832 0.693659
43.0784 -25.5457 0.703479
43.1788 -25.5827 0.685256
43.2675 -25.6008 0.647862
43.3445 -25.6038 0.598626
43.4094 -25.5975 0.543055
43.4437 -25.5977 0.511041
43.4305 -25.6154 0.527739
43.3615 -25.6552 0.588541
43.0687 -25.7581 0.673831
42.8959 -25.7931 0.630807
42.7515 -25.809 0.546066
42.6586 -25.8054 0.466929
42.6091 -25.7884 0.416426
42.5885 -25.7714 0.402285
42.5999 -25.7631 0.430618
42.652 -25.7604 0.490841
42.7485 -25.7573 0.566737
42.8869 -25.747 0.635518
43.053 -25.7195 0.670622
43.2175 -25.6693 0.660713
43.4656 -25.5274 0.548321
43.5382 -25.4652 0.476313
43.5753 -25.4281 0.421926
43.5888 -25.419 0.401809
43.58 -25.4357 0.422965
43.5405 -25.4772 0.480331
43.4681 -25.5387 0.551738
43.3653 -25.6078 0.613655
43.2384 -25.6763 0.650113
43.0986 -25.7339 0.65211
42.9598 -25.7681 0.621316
42.8354 -25.7748 0.567511
42.7324 -25.7613 0.501815
42.6543 -25.7399 0.437788
42.5718 -25.7028 0.359283
42.5607 -25.6926 0.354892
42.5757 -25.6921 0.383977
42.6243 -25.7033 0.444324
42.71 -25.7196 0.522392
42.8302 -25.7285 0.597774
42.9747 -25.7199 0.649378
43.1261 -25.693 0.665114
43.2619 -25.649 0.649854
43.3727 -25.594 0.61429
43.4638 -25.5387 0.565321
43.5754 -25.4584 0.453922
43.5977 -25.4481 0.420196
43.6032 -25.4619 0.415128
43.5832 -25.5018 0.440312
43.5321 -25.5666 0.486492
43.4458 -25.6454 0.538769
43.3257 -25.7231 0.578845
43.1798 -25.7855 0.593762
43.0244 -25.8229 0.58001
42.8803 -25.8329 0.540702
42.7576 -25.82 0.485441
42.5962 -25.7625 0.375863
42.5634 -25.7401 0.352029
42.5563 -25.7274 0.35533
42.573 -25.726 0.382378
42.6145 -25.7347 0.427728
42.6818 -25.7506 0.484733
42.7776 -25.7665 0.542705
42.8979 -25.776 0.587103
43.1431 -25.767 0.61178
43.2198 -25.7645 0.607127
43.2535 -25.7722 0.604421
43.2532 -25.7924 0.604434
43.2294 -25.8254 0.60575
43.1968 -25.8681 0.606666
43.166 -25.9185 0.605234
43.1405 -25.9729 0.606866
43.1258 -26.0229 0.61796
43.1167 -26.073 0.649264
43.1149 -26.083 0.665185
43.1125 -26.0871 0.669456
43.1067 -26.0944 0.665055
43.1022 -26.1063 0.652381
43.099 -26.126 0.635367
43.0917 -26.1558 0.619559
43.0781 -26.2031 0.610872
43.0618 -26.2704 0.599507
43.0476 -26.3522 0.578711
43.035 -26.5379 0.561711
43.0258 -26.636 0.587224
43.0139 -26.7452 0.617035
43.0002 -26.8833 0.63009
42.9842 -27.0496 0.608968
42.9634 -27.2336 0.562381
42.9429 -27.4221 0.508154
42.9265 -27.6151 0.455038
42.9206 -27.7937 0.409588
42.9228 -27.938 0.389328
42.9321 -28.0518 0.40464
42.9459 -28.1466 0.447907
42.9526 -28.2413 0.507485
42.9191 -28.401 0.62712
42.8845 -28.4727 0.66071
42.8422 -28.543 0.682173
42.8007 -28.619 0.70517
42.7645 -28.7111 0.741598
42.7361 -28.8246 0.77873
42.7087 -28.9605 0.801565
42.6822 -29.1142 0.808977
42.6583 -29.2804 0.80945
42.6023 -29.6434 0.797086
42.56 -29.8392 0.763533
42.5104 -30.0372 0.707417
42.4596 -30.2296 0.639735
42.4096 -30.4179 0.575191
42.3634 -30.6003 0.508414
42.3257 -30.778 0.431661
42.3018 -30.954 0.351178
42.2907 -31.128 0.286356
42.2943 -31.288 0.262304
42.3105 -31.4242 0.275327
42.3206 -31.5431 0.307738
42.29 -31.7487 0.404919
42.2627 -31.8453 0.463553
42.2353 -31.9477 0.528856
42.2146 -32.0491 0.587422
42.2032 -32.1462 0.626336
42.1941 -32.2432 0.658541
42.185 -32.346 0.700359
42.1664 -32.4675 0.755392
42.1329 -32.601 0.812078
42.0913 -32.7459 0.855755
42.0401 -32.9024 0.873956
41.9125 -33.2597 0.86112
41.8464 -33.4725 0.844935
41.7863 -33.6982 0.794975
41.7354 -33.9162 0.712101
41.6879 -34.1184 0.614541
41.6397 -34.3081 0.525906
41.5952 -34.4806 0.447381
41.5617 -34.6252 0.387479
41.5333 -34.7481 0.360749
41.5064 -34.8538 0.373255
41.4727 -34.9543 0.421954
41.4347 -35.0547 0.49977
41.4078 -35.1427 0.587866
41.3917 -35.2799 0.719431
41.3855 -35.3421 0.760708
41.3645 -35.4234 0.803379
41.3263 -35.5344 0.850006
41.2775 -35.6722 0.890178
41.218 -35.8249 0.909004
41.1557 -35.9829 0.908313
41.093 -36.144 0.900625
41.0284 -36.3198 0.893225
40.9626 -36.5157 0.86812
40.8373 -36.9194 0.721017
40.7679 -37.1122 0.632635
40.6983 -37.2899 0.552682
40.6351 -37.4408 0.491171
40.5824 -37.5632 0.455328
40.5393 -37.6623 0.450148
40.4951 -37.752 0.478529
40.444 -37.845 0.539191
40.3993 -37.9323 0.61019
40.3648 -38.0161 0.66516
40.328 -38.1088 0.705182
40.2772 -38.2113 0.743145
40.2157 -38.3257 0.787683
40.1513 -38.4415 0.831723
40.0129 -38.6714 0.844351
39.9372 -38.8045 0.812499
39.8596 -38.9443 0.785656
39.785 -39.0842 0.772156
39.7134 -39.2214 0.76631
39.6476 -39.3551 0.756224
39.5847 -39.4823 0.743326
39.5236 -39.6053 0.742474
39.4616 -39.727 0.755893
39.3276 -39.9851 0.7731
39.2499 -40.119 0.762246
39.1709 -40.2493 0.749794
39.0886 -40.3726 0.747513
38.9983 -40.496 0.759257
38.8153 -40.7451 0.753175
38.726 -40.8695 0.737066
38.638 -40.9974 0.735448
38.5483 -41.1268 0.748653
38.4573 -41.2551 0.758436
38.3662 -41.3756 0.745264
38.2739 -41.4876 0.724584
38.1863 -41.5921 0.718187
38.0113 -41.8247 0.75987
37.9293 -41.9469 0.755873
37.8507 -42.0621 0.729204
37.7726 -42.1764 0.714247
37.6921 -42.2955 0.72685
37.6062 -42.4187 0.748558
37.5132 -42.5407 0.751339
37.4196 -42.6597 0.73157
37.2332 -42.9103 0.727584
37.1425 -43.0391 0.750531
37.0591 -43.1632 0.757096
36.9836 -43.28 0.740112
36.9127 -43.3975 0.723881
36.8399 -43.5178 0.732467
36.7609 -43.6382 0.760156
36.6769 -43.7538 0.779196
36.5041 -43.9621 0.760014
36.4188 -44.0674 0.756456
36.3341 -44.1759 0.768268
36.2443 -44.2955 0.781725
36.1516 -44.4204 0.774415
36.0586 -44.5432 0.749819
35.964 -44.6693 0.734373
35.8683 -44.796 0.740569
35.7724 -44.9208 0.759345
35.6778 -45.0377 0.765937
35.5832 -45.1492 0.750872
35.4835 -45.2646 0.734995
35.2843 -45.4946 0.752752
35.1946 -45.6099 0.769475
35.1129 -45.7217 0.763612
35.0305 -45.8305 0.750413
34.9502 -45.941 0.750484
34.8724 -46.0561 0.769093
34.7897 -46.1769 0.78951
34.6975 -46.2892 0.785709
34.6007 -46.3904 0.762526
34.5013 -46.4879 0.746145
34.3027 -46.7017 0.771502
34.2083 -46.8149 0.774984
34.1201 -46.926 0.757619
34.0336 -47.0371 0.745152
33.9442 -47.1439 0.753931
33.8505 -47.2516 0.778783
33.7535 -47.3587 0.796237
33.6572 -47.4647 0.788905
33.5656 -47.5768 0.767017
33.4833 -47.6997 0.750347
33.3514 -47.986 0.755872
33.2971 -48.1392 0.733912
33.2409 -48.2818 0.68901
33.1811 -48.4224 0.647629
33.1121 -48.5667 0.630299
33.0177 -48.702 0.641595
32.8972 -48.8062 0.664126
32.7599 -48.8805 0.688028
32.6104 -48.9403 0.715392
32.4546 -48.999 0.745664
32.2942 -49.0656 0.783563
32.1337 -49.1275 0.805001
31.8364 -49.2186 0.754141
31.699 -49.2642 0.717497
31.57 -49.3225 0.694533
31.4447 -49.3848 0.677459
31.3263 -49.4447 0.639553
31.2135 -49.5094 0.585704
31.1022 -49.5786 0.539223
30.9881 -49.6625 0.526984
30.8673 -49.7793 0.559838
30.7565 -49.9232 0.611942
30.5719 -50.2479 0.685307
30.4855 -50.4111 0.72616
30.3977 -50.5664 0.765046
30.3125 -50.7096 0.780653
30.2266 -50.8443 0.768564
30.1376 -50.9646 0.744372
30.0541 -51.0836 0.728188
29.9784 -51.2127 0.724766
29.9084 -51.3442 0.707065
29.8336 -51.467 0.666212
29.7445 -51.5782 0.629269
29.6411 -51.6891 0.619321
29.5145 -51.7929 0.64298
29.3615 -51.8732 0.680425
29.1902 -51.924 0.70997
28.8386 -51.9887 0.73984
28.6739 -52.0329 0.757217
28.5087 -52.0895 0.774807
28.3541 -52.1449 0.764149
28.2124 -52.1986 0.729971
28.0734 -52.2482 0.697448
27.9278 -52.2915 0.68024
27.773 -52.3259 0.677453
27.6222 -52.3576 0.660662
27.3421 -52.4355 0.561908
27.1999 -52.4774 0.52079
27.0438 -52.5277 0.500118
26.8958 -52.5996 0.502913
26.7666 -52.6955 0.528967
26.648 -52.8136 0.570279
26.5305 -52.9422 0.620644
26.4181 -53.0645 0.679358
26.3166 -53.1759 0.736592
26.223 -53.2857 0.773379
26.1284 -53.4003 0.783153
26.0243 -53.5185 0.779153
25.8158 -53.7618 0.770345
25.7203 -53.8764 0.752295
25.6286 -53.9906 0.711546
25.5422 -54.1127 0.660485
25.4494 -54.2306 0.627563
25.3348 -54.3294 0.621687
25.1999 -54.3895 0.632426
25.0533 -54.4206 0.644678
24.9043 -54.4417 0.656875
24.7562 -54.4611 0.684408
24.599 -54.4863 0.735139
24.2689 -54.533 0.788878
24.1037 -54.5595 0.776745
23.9385 -54.5881 0.766651
23.7769 -54.6134 0.77017
23.6223 -54.6326 0.780807
23.4818 -54.6393 0.773505
23.3501 -54.6323 0.740816
23.2182 -54.6197 0.697169
23.0797 -54.6135 0.666367
22.9361 -54.6179 0.653295
22.8001 -54.6396 0.644515
22.5549 -54.7296 0.620777
22.4332 -54.789 0.630801
22.3079 -54.8571 0.67169
22.1822 -54.9291 0.723615
22.0548 -55.0034 0.752545
21.9231 -55.0717 0.751831
21.7818 -55.1214 0.745255
21.6291 -55.155 0.756902
21.4667 -55.1888 0.780818
21.3052 -55.2323 0.785157
21.1527 -55.2689 0.767016
21.0066 -55.2975 0.756475
20.8657 -55.3229 0.773459
20.5973 -55.3353 0.817855
20.4688 -55.3209 0.804217
20.335 -55.3075 0.786828
20.1976 -55.2989 0.787202
20.0528 -55.2846 0.811341
19.9027 -55.2679 0.83062
19.7495 -55.2511 0.821338
19.5969 -55.2375 0.794724
19.446 -55.2236 0.778628
19.1563 -55.1958 0.799432
19.013 -55.1819 0.799273
18.8651 -55.1666 0.773744
18.7204 -55.1513 0.750301
18.5791 -55.1412 0.756193
18.4331 -55.1341 0.787936
18.2827 -55.1296 0.808307
18.1341 -55.12 0.800579
17.9876 -55.1033 0.788582
17.8395 -55.0844 0.796021
17.6905 -55.0635 0.817983
17.5385 -55.0407 0.832268
17.2319 -54.9957 0.804684
17.0766 -54.9736 0.805265
16.915 -54.9536 0.825224
16.7427 -54.9437 0.839325
16.5723 -54.9399 0.827901
16.4071 -54.9354 0.808781
16.241 -54.9276 0.80664
16.0714 -54.9135 0.827442
15.9115 -54.8896 0.846731
15.6238 -54.8172 0.824613
15.4813 -54.7801 0.818687
15.3341 -54.744 0.832117
15.1791 -54.7092 0.84631
15.0209 -54.6773 0.837876
14.8631 -54.6489 0.81763
14.704 -54.6255 0.808359
14.5438 -54.6023 0.815764
14.3788 -54.5718 0.829049
14.2146 -54.5334 0.828448
14.0573 -54.4899 0.813242
13.9031 -54.4481 0.802379
13.5845 -54.3731 0.829278
13.4219 -54.341 0.825652
13.2577 -54.3106 0.810305
13.0944 -54.2822 0.805571
12.9345 -54.2496 0.825796
12.7801 -54.2105 0.854871
12.6376 -54.1697 0.862691
12.5009 -54.1281 0.855487
12.3618 -54.088 0.853661
12.2218 -54.0502 0.864902
11.9266 -53.9855 0.890719
11.7803 -53.9595 0.876331
11.63 -53.9355 0.863138
11.4729 -53.9133 0.865445
11.313 -53.8894 0.881858
11.1592 -53.8633 0.892623
11.0123 -53.8363 0.886701
10.8634 -53.8141 0.876291
10.7158 -53.8007 0.872045
10.5678 -53.7913 0.881288
10.4177 -53.7897 0.892939
10.1142 -53.8128 0.865972
9.96641 -53.8381 0.853477
9.8216 -53.8667 0.862774
9.68003 -53.8952 0.881018
9.54167 -53.9191 0.884556
9.40336 -53.9405 0.874491
9.26377 -53.9706 0.872075
9.12936 -54.0144 0.882142
8.99542 -54.0694 0.895483
8.73727 -54.2171 0.885965
8.61221 -54.3021 0.872395
8.48365 -54.3837 0.875041
8.35476 -54.4611 0.894416
8.22938 -54.5311 0.906648
8.1072 -54.5961 0.896721
7.98818 -54.6663 0.880109
7.76805 -54.823 0.888904
7.66767 -54.9188 0.904304
7.57294 -55.0139 0.901851
7.47723 -55.1092 0.894294
7.37467 -55.2004 0.891952
7.26956 -55.2876 0.901143
7.17627 -55.3602 0.908959
7.09752 -55.4189 0.911583
6.96353 -55.5279 0.909901
6.89348 -55.5848 0.918454
6.82668 -55.6483 0.932217
6.77045 -55.7177 0.941871
6.7258 -55.786 0.938639
6.69095 -55.8501 0.929642
6.66424 -55.9127 0.926968
6.64078 -55.9727 0.935092
6.62053 -56.0194 0.940212
6.60299 -56.0519 0.942639
6.57474 -56.0903 0.948074
6.56313 -56.0998 0.947655
6.55586 -56.1051 0.945072
6.55062 -56.1095 0.942501
6.54626 -56.1143 0.941035
6.54287 -56.1173 0.938777
6.54129 -56.1177 0.935288
6.54152 -56.1156 0.931207
6.54161 -56.1139 0.927822
6.53912 -56.1142 0.919486
6.53655 -56.1128 0.913696
6.53299 -56.1101 0.906812
6.5275 -56.11 0.899812
